6053
1122
1077
6999
1965
962
5904
2874
4279
1557
3167
7081
1212
4397
7306
2295
7371
655
3145
7005
5142
6543
55
5448
5009
5195
5864
5895
817
5436
5207
6527
5491
6193
3074
1719
1220
7620
4587
2560
4223
314
2045
7893
2663
4163
5937
1880
496
6110
7015
3011
6133
7419
675
6829
4606
7668
5394
7225
2267
5818
5738
367
3500
5961
3935
1810
7952
3210
4695
5846
7530
7553
1487
1417
869
1697
6292
4430
7903
1018
5503
6199
7579
3817
4164
2060
2498
5691
151
7651
3046
555
3703
6202
4621
687
7614
3835
3117
7337
1926
4993
6213
6628
7712
5704
1188
3596
100
2335
7249
3101
7161
1370
5152
7880
3740
5539
7584
4766
1429
6908
5746
4631
7801
5709
5679
5952
6957
2093
6892
2784
2469
1060
7994
5283
1513
6375
5359
7846
4266
5096
5003
3582
3017
196
7425
4269
6474
194
510
1982
5342
7426
210
3934
609
1527
5095
5103
7432
506
12
3606
7552
5754
5690
4149
3680
4340
5721
5509
4379
1282
3018
4451
7292
5444
4636
5571
3997
806
372
1621
146
7275
6884
3060
2886
4525
5191
1739
5543
971
3636
2456
3477
6189
1169
7454
4764
6653
941
727
6655
5645
1252
2565
2172
7373
2511
1620
1989
1459
6136
1006
7039
4664
945
3286
4951
1726
1458
2235
6645
453
2114
1369
6930
3426
6959
1035
2763
5174
3193
3864
7672
6701
3707
2608
695
1250
5123
2311
2780
3258
6152
3355
5148
422
1693
4552
2397
2698
70
7380
3625
7132
6103
1785
4522
6962
4106
718
2356
2924
2495
3420
4948
4457
5447
1680
6905
1522
6097
6156
7836
6871
6574
5308
2293
445
5076
7192
3264
2852
6319
4308
6476
5397
2105
7089
5273
567
1452
5564
6887
7915
5945
3125
3561
1159
4693
2000
3797
2650
1700
2453
2549
3633
3161
5739
4740
3652
7202
4730
4118
6302
312
6579
1663
1852
7995
3387
3812
4023
73
266
195
7582
2039
1519
2336
4578
6904
6471
4327
4995
5183
1298
7164
5202
7012
1053
106
5649
2444
6054
6144
344
2304
4736
693
174
1389
144
3846
1592
4797
3408
7747
3141
5992
2341
1698
4842
1070
3987
2010
4683
1469
3471
6596
4101
6502
2242
751
1902
6426
443
484
5200
2917
5453
4056
5486
3045
604
1428
4593
4959
4668
7008
1199
6911
5104
3056
3775
4933
4408
1478
7937
303
1098
2964
2965
6635
951
7862
243
241
6767
7051
4969
2315
6261
3359
3915
3948
3032
5576
494
1586
1870
6004
7761
7112
7017
4875
6664
6272
6009
7367
5757
2844
5261
2385
5059
2375
7807
5965
3168
6644
4682
3043
1850
5936
2985
7414
4082
1863
4192
6593
153
418
3584
3990
6324
2940
7393
6390
5068
2358
6782
4563
7939
7408
7585
7531
4166
3349
1547
3994
3784
2601
2617
3570
6672
1647
4573
5827
7395
7957
190
3233
83
7598
7647
1916
2117
4249
4926
4206
4362
3998
5090
3938
1641
1921
4729
5736
6246
2898
2076
6976
2432
3937
6095
1760
4413
2414
3781
5894
5005
3331
4765
4873
5045
3409
5760
5130
2525
6837
7737
2633
1705
1072
6355
6183
6244
6453
518
4558
6372
7619
7499
1823
7185
1959
2228
7776
4739
5178
5260
3879
3651
6661
662
7343
5987
5336
3909
641
1300
3054
4713
7768
801
298
770
6667
2529
2690
4754
7497
1995
1815
7927
6674
4016
7143
2604
7182
4991
6799
2094
5737
5822
3512
2742
6459
4827
3437
2558
5812
6779
5395
248
7267
522
3958
5199
3563
1884
2958
3237
3757
1694
6057
2171
3978
599
1639
1608
3105
4093
772
2149
452
1518
531
1438
1124
6968
6015
4840
1135
67
1928
2790
6877
5765
7824
6270
4559
7222
2051
3821
5101
3404
4300
3655
5504
5287
6072
7704
102
1327
3773
871
4935
4403
4744
1531
6496
591
3428
7049
2730
6448
426
3140
7547
4966
1510
6369
6921
1609
4368
5304
4445
3890
7495
3684
1996
4511
5337
3064
3704
2452
4131
2768
4706
2966
2814
3921
5024
4442
3166
0
5625
3378
1844
1658
6134
246
4831
2699
1842
2416
5748
2794
7206
5351
2893
3039
4347
1450
2955
3661
757
2944
95
3566
7025
6881
6166
2429
2212
3006
2772
2382
3895
3455
3888
6529
6950
1084
554
5847
6986
4743
5166
763
1515
3585
4519
2843
1155
7058
1256
6997
7914
2910
1240
6017
1533
2605
5422
5316
2869
3021
4829
1354
1772
6083
621
1388
780
6656
1904
2668
6420
673
1277
26
857
5770
1145
207
5211
6711
1434
4877
7505
201
1321
1782
3755
2782
6125
431
5983
1147
2554
7881
5469
2743
7036
3324
1456
2125
934
3619
890
5012
4498
5403
3979
5144
4749
2732
7142
1857
5643
3280
7115
7869
3586
930
6309
456
691
6007
6963
4323
3883
1766
4492
4267
4227
7600
7203
4763
4639
6548
6293
3637
8
6835
7617
3089
7023
7509
2167
7974
7563
894
2876
2488
7875
4284
1447
7558
7019
7701
2025
5525
3172
3728
4635
7546
38
4246
1311
1516
7657
424
5221
6456
4674
2602
3922
3907
924
45
7727
4003
4282
3318
4427
1258
6251
1897
1792
938
7751
1192
6351
4275
1037
2474
2387
5956
1233
4962
5460
514
1713
5474
7551
6748
3424
2620
6051
4421
1548
4627
3164
5107
7799
1939
1740
5039
2904
2651
5902
1332
589
3462
638
2970
5019
2448
7950
4380
6946
2131
3302
2708
659
3203
6651
793
2368
7282
3742
6473
5879
1068
7666
5013
1742
79
5401
6518
3460
2342
7781
468
1990
7361
5284
5804
2540
1765
1094
5257
7293
3529
1102
2731
6623
7911
2546
7707
730
20
4103
6157
7489
6613
4694
6192
4489
4271
4958
4259
1304
1969
4287
2537
6020
7073
2905
2022
5114
7264
4834
7007
3390
7254
2726
4176
421
5328
5127
5431
553
6341
1649
1379
1762
1215
6464
6425
7698
5170
7650
5693
5041
4816
7342
5859
6778
5015
5060
6063
3009
4017
6340
5457
2067
6482
5562
3271
7478
5225
1567
2431
1195
4731
6035
6086
4025
2455
4994
1987
4431
4468
1783
2472
540
1962
593
7024
2290
7691
5007
3659
3656
1611
5190
520
7729
7725
7149
5603
516
6286
7586
1788
423
5433
2013
1556
5620
4793
2729
889
4374
2016
6618
4091
1657
5552
2580
3863
5327
4399
2352
1367
1424
4671
1689
1801
2227
3920
6570
6181
7674
3539
2357
1415
2646
5038
2624
7966
5358
2573
214
607
5775
6990
5834
3768
2157
6032
1575
5629
5912
3352
4216
6515
560
699
2933
5548
169
5917
2230
6510
572
269
7062
771
6958
1260
541
5115
7687
2132
4533
7281
5017
879
3445
3642
1435
319
866
4243
2610
5977
5860
6131
158
3986
2301
6254
6253
1335
1056
1882
4429
3094
3430
2692
2675
6677
2438
3325
2070
2247
103
2231
3343
5252
1929
505
2376
4663
2861
3845
768
4753
3567
7009
2598
1610
4537
2464
1656
6431
2108
5750
320
6500
5408
3559
6408
4436
3442
3860
6303
3785
357
1149
7748
716
7250
6866
5230
2808
2628
299
6316
171
6427
4482
16
6969
2316
5410
4087
5085
1908
507
7013
769
823
3591
359
6323
4910
1226
2492
4029
7734
5493
7079
25
202
7452
2856
2207
1541
2306
7434
5897
2832
5429
223
4314
953
5695
6241
4365
5280
4867
6807
7354
4589
891
1539
3085
7658
7630
3927
1372
5991
1960
1787
2042
7443
3516
2526
84
7942
6006
293
19
4060
2309
1716
3423
4201
4128
6207
6668
2349
2256
5169
6595
3073
7387
5966
2885
2597
3511
627
3818
4005
7356
933
5018
6008
3070
3
1112
3830
4812
3531
6099
2183
2012
7290
4240
500
2118
6977
4956
977
2083
4748
4696
5119
7885
6637
7394
3901
4510
4928
2674
4053
3873
82
7189
3611
2201
5556
3003
3700
4699
6649
5741
7513
1587
5150
3005
5532
1764
4777
1754
3012
622
654
4254
4041
7034
3030
1382
1851
2922
5311
982
6804
5205
991
842
3444
671
7135
2984
4869
5434
4465
4987
1925
2756
7517
3309
6531
5824
4801
6731
7383
6129
7493
1791
7515
126
3899
1138
5087
2197
766
3808
4343
1778
2497
1769
5909
2323
4961
3615
538
5160
6113
3857
4607
5360
6245
5010
863
2078
733
3459
2478
929
5856
1174
3395
3898
903
605
2797
6789
4787
6314
2615
5334
3031
2943
6539
4394
7988
4718
3181
669
2145
3601
168
7271
663
5094
3961
6184
4229
4255
2477
4114
250
7812
5927
5083
4317
6762
3717
6561
5172
1984
6803
1214
7038
3108
4014
3340
4391
7320
3727
5377
3265
624
3365
3954
6382
5186
6182
7792
6480
109
4955
7829
7472
5069
4862
5481
1955
7969
5137
233
577
1156
5329
4339
6631
4066
6350
4324
141
97
6691
789
1143
3789
6761
1101
1227
2593
7280
5554
692
3682
7732
7085
3269
1735
2941
4141
5870
7636
4416
2930
5865
807
738
4239
4309
4493
5118
3800
6433
3245
5149
4319
1082
4126
5982
7217
5035
4400
6265
6343
2127
837
5435
6419
1717
2338
7375
2579
4513
4788
4406
7629
3276
1873
4122
981
5357
4528
6276
7167
394
5837
5923
7899
354
2963
4742
1601
5538
5499
696
4865
6736
2997
3916
1257
281
2775
4836
6250
2750
1931
7180
6104
3677
1546
5663
4846
6606
2527
2962
2707
5907
3308
7535
1576
2787
6280
2331
4762
6901
7642
4849
4002
6214
7520
5706
440
5671
476
677
6503
5193
3427
7840
6902
702
3536
2257
712
7239
2723
5583
3078
3157
1267
410
3238
1165
4423
2360
2523
5392
551
1502
6693
5222
6973
7103
504
5036
3574
2751
6298
1352
5278
2951
7639
1901
1915
1933
4646
7633
3382
3178
5648
7790
7613
6208
4078
7200
1170
4090
1540
7105
1231
6924
7590
5534
1715
1057
6333
3691
2174
7319
7376
3415
4331
203
6224
5052
785
509
3096
1798
3902
2470
6533
6409
3111
4039
6406
53
2214
232
6825
132
236
6062
3057
7826
4205
6068
388
2454
1936
2976
1932
1395
5032
5939
3774
5597
1497
6727
2528
3649
587
7944
944
1827
294
7391
3751
3248
1116
3701
3562
7348
6915
5747
6785
596
1419
1058
658
5545
6337
4791
7864
4226
274
5755
4905
1036
5575
631
7074
7177
6168
1599
4850
7117
6679
602
2160
4301
4613
2585
2830
1217
401
558
2409
1181
6371
1651
3749
4514
5228
1034
6305
1340
5042
4473
629
6933
1558
370
1136
6764
7368
7731
7576
3715
4355
5289
2645
2139
5065
6348
117
2302
4950
2776
5259
1992
5844
1660
7444
7638
2225
3772
5863
7027
178
2146
2870
6457
7018
4818
5449
3055
4534
4177
1196
4316
342
2506
5694
7318
4647
7037
3618
402
4658
3405
6796
2796
5569
4370
1312
4931
2561
6932
1805
1249
4889
7460
7858
625
128
6880
4420
632
4077
4280
5037
7892
6788
7445
1714
155
5892
4195
1411
1773
5242
5378
3283
101
1664
3522
5749
7363
6149
1275
1774
4884
7240
1190
6780
1920
875
2499
7688
3468
3602
6451
239
1198
1565
617
1776
2206
2407
1331
4094
3377
7171
2825
7987
552
3673
7763
6011
1216
4945
7311
1976
5877
7637
1951
2504
1730
3380
1975
4478
2864
4667
630
6621
775
275
3422
1234
77
4670
985
2501
2340
7450
7046
2766
4608
2894
1820
5716
3564
5421
2555
7982
6952
1128
193
3090
6468
7418
1486
3849
3706
2953
1646
7119
7855
44
7365
7068
7716
1947
7144
3525
3202
921
1665
3097
6492
4162
256
292
4845
343
2424
4755
2745
4637
3588
2381
6512
4132
6263
406
3225
7832
3722
5413
2211
2217
978
6554
4089
3807
1583
5079
2423
3288
3605
2283
6749
5913
2502
3159
2806
5640
1301
3813
5198
892
474
4698
653
4609
5653
173
4174
1485
4711
7307
5811
4723
5726
2186
7724
2299
4980
2377
4313
2778
4405
3578
3333
78
6234
6907
7806
1650
6164
5512
7028
3464
3137
2959
1085
4188
6643
1303
3329
5159
4411
2023
2079
2826
1634
6775
795
3353
5500
5456
152
3809
188
4605
3782
3943
6124
6260
5942
1440
3805
5955
497
804
6528
5520
1288
4989
3856
6888
7641
2677
54
1019
4983
1
670
4783
6255
2937
5657
4517
2911
417
259
6965
1732
2410
6090
2737
2831
5699
7870
322
2557
3417
1061
5587
5508
1390
3590
6812
1865
3136
3268
7823
1045
5957
2088
2155
6087
1021
2644
1187
1133
3505
2161
7423
5808
5298
4897
6102
5753
2288
7991
6938
7168
3294
947
1089
1377
5234
1222
2748
3052
5919
5624
6662
3213
4070
7844
1205
3736
2276
6491
2552
2569
1194
5352
2992
5594
2065
7738
4250
6012
7114
739
333
808
5609
3960
542
6541
2215
5418
2209
2433
2446
5546
5203
1052
164
3461
7131
176
5495
4373
7878
7573
1644
7745
7973
4745
3534
6912
4135
1278
4083
5164
5000
1941
581
645
4580
4076
7871
2222
1090
5463
2809
919
7980
127
2961
519
5369
3079
2011
647
7894
3475
4417
1482
6721
6818
4892
870
6368
2857
7798
6695
3720
1013
3440
3093
3628
4092
3314
6967
4395
5727
2006
6025
3036
2666
7529
3819
6842
2535
1009
867
689
4503
881
1707
1363
1015
6439
2757
6311
4456
3287
2434
4273
5779
1294
2355
3944
755
3332
4311
7338
7163
4885
7682
2986
3356
2630
7297
1793
2032
5723
1180
2318
1248
7653
4079
7166
5001
2722
1010
1219
4806
4936
1073
1468
5303
3679
4653
3279
6106
237
6204
6504
7451
812
2820
5409
6714
7477
3120
7382
5276
7690
2162
3640
7153
7431
1818
7389
1460
4476
635
5402
6040
6463
1949
3553
2345
597
5482
3622
3119
2835
254
6364
1623
7868
5931
1152
6931
1563
3803
3833
4794
3693
7782
7066
832
1167
3952
2020
7932
2740
455
1048
1347
6754
7626
7214
7029
4086
4643
7561
1964
5117
5232
6229
5850
6542
5823
888
405
2142
2642
428
1201
3311
2394
7789
2046
1477
2636
4153
6718
6995
6611
7541
5006
2752
5473
868
4441
4939
4109
192
2912
6423
6989
1753
4252
5916
2004
3414
2430
7147
5343
5255
7302
436
4154
3307
3632
6553
887
2539
1906
6521
2706
2899
4354
2614
7947
5282
104
2458
5688
5325
7094
2813
2398
5702
5521
4052
1465
7362
5281
4974
7709
7072
6856
6759
6370
1652
3316
5715
3134
2592
2033
3098
1655
3735
7882
4463
4409
5934
3299
7833
3995
4013
1324
5176
3239
1131
1950
1448
5999
2449
7484
3609
1464
7891
387
4393
4918
1940
2889
5132
4750
3466
826
430
672
4001
2052
963
3296
4870
3247
6513
2915
7032
99
5244
160
3598
841
7284
3930
970
3548
5213
7959
1405
7274
2681
1293
6176
7815
3129
2265
6096
2606
198
776
905
1173
71
923
5151
1687
3158
5542
2241
7396
4592
4069
5430
5872
895
3197
3151
6236
5075
5419
6800
5452
6262
2895
5251
7979
6171
2611
1349
2459
6582
4
5675
4930
5591
4104
1392
6687
3187
4714
4600
2262
2313
6115
6861
2594
5527
3501
684
2187
1209
7502
4031
462
1706
4824
6001
6581
7462
3204
5370
317
5658
3476
7413
2702
1491
7954
4367
5058
6712
3764
2868
3153
3361
6237
392
3527
2463
145
1569
4880
3965
92
6556
5236
3376
5782
433
5610
5399
6633
5319
2968
1710
4982
2795
6854
6978
5996
4377
7449
2686
1241
2888
6620
2270
3412
2395
1343
4697
4805
1242
2991
6084
2711
2465
7052
3322
7299
6774
5138
7173
6386
3685
7121
3483
6046
185
4841
4922
6703
5320
6592
7583
3600
6913
7589
4582
7145
1117
3235
932
3964
7325
2672
7857
3710
7975
7031
4943
2192
4554
7125
4310
1888
6836
5288
3374
6026
4071
5363
2847
937
5084
4433
2623
2195
3612
2233
3692
247
6559
4712
1171
6776
4786
4579
2662
5728
7053
7839
4084
5559
1859
3327
7420
2103
1736
2631
6630
1643
6886
7485
4852
3540
5989
6717
2791
4619
7464
2577
481
4591
5940
912
7286
2224
3571
6949
1237
4680
3152
6728
4710
1521
6194
4570
2322
3244
5470
1550
161
7854
2815
2096
1161
6440
2786
893
4449
4170
69
1109
409
6936
7910
3338
4407
5684
6598
6766
7370
7429
2819
7756
7453
6300
592
4566
1979
4901
2156
4207
121
7774
3260
543
5485
2204
1374
301
28
1591
6740
5383
7196
5212
3038
208
2862
1121
2113
2086
7285
408
5078
2090
3434
2971
6920
7755
917
1642
6849
2673
3341
1444
286
1081
5681
4854
2173
6917
6815
703
4977
2509
3492
3176
6128
3080
952
6352
2947
337
4902
1566
2682
6180
1202
5154
3242
2503
683
6771
1140
3878
7655
4800
6519
7665
4111
3250
7848
6898
5875
5605
4179
5511
3832
4560
478
4218
3597
1571
57
533
1144
6909
3971
4085
5654
3044
1613
23
1123
4444
1129
5660
6137
2158
7847
5417
206
6161
7744
3433
2332
3675
3391
124
5206
2168
4669
5348
5143
7498
1877
1811
6392
7178
7918
6122
1004
5873
4113
7920
5703
1158
4821
4675
5514
3871
2983
7593
1353
5974
2840
276
5794
4390
7075
1490
3896
4795
189
1393
2312
5489
3949
7030
1106
6123
4328
7953
318
211
974
3928
6974
133
5197
4010
4398
7106
7399
2858
66
5249
1306
3905
3746
7287
6487
6155
1232
4523
6169
697
3317
6399
5106
5464
3745
1734
5208
4501
378
6268
7814
3033
570
7684
4143
7841
2693
4251
5188
1493
2890
4565
7162
2072
5692
990
4656
1276
7797
1711
7468
6078
4691
3732
3388
1224
6190
5156
1270
4823
5147
30
7779
3991
4054
3783
10
1573
6517
7390
1164
1285
3681
7083
384
910
7618
639
2317
4479
1909
6374
4626
5501
2989
7694
1334
2849
1512
3118
6650
4506
7158
5312
6401
5396
5871
3065
5324
7328
7866
1065
715
470
2725
6395
403
3513
4792
6726
1836
5507
2485
3634
1630
2695
2091
845
2950
4541
1421
7992
3220
2536
6941
1504
651
1523
2089
614
830
5215
3084
5921
7526
3249
4775
5606
5601
435
4640
3620
5173
1051
4572
7810
800
6547
7752
2891
6659
6391
7047
4986
6550
6600
7215
7977
753
6747
1745
5683
5566
3042
959
5092
1179
7238
3493
4759
6694
6806
4117
2074
2562
678
2802
5686
5933
6036
3946
4632
1463
2538
4715
3734
50
1033
5300
2426
720
5245
3931
7159
2281
1699
726
1554
1373
1461
3617
2120
5120
7708
6330
5905
3282
5270
4190
5843
7060
4358
4921
3650
1498
2239
1467
6594
2823
674
6724
3320
5573
1076
5533
7623
7118
1845
6686
6925
7680
2179
4290
4638
3402
7936
1511
65
7884
4803
681
548
268
7270
7100
3190
6388
4044
4007
1442
7603
6454
4768
3263
3385
2300
4872
6839
5886
936
5326
2063
6572
6928
2181
3081
2718
6895
7867
6890
2294
4055
7804
6940
4447
4896
15
6841
4652
2280
3859
7067
7139
3076
6790
7160
6845
2445
4419
6809
5505
3432
7187
7304
1963
2048
7308
7796
4569
7409
7550
5339
2100
7402
4026
7411
6810
2185
4967
5948
6578
2640
2064
1551
7213
7504
3970
6345
5367
7922
5544
2460
64
1509
1366
386
2920
451
3580
4467
1406
2548
7364
324
4011
2047
2134
391
2882
2101
5988
7331
3109
5622
5218
7791
1229
4136
2141
3092
3199
217
2002
1403
1111
148
6713
2154
3647
5801
2494
4859
7057
2641
4938
7227
4990
4116
994
4917
4733
5678
420
5524
5882
1796
5365
5924
1856
3894
5918
6428
4330
7369
5406
792
3758
5644
5806
5097
4814
1517
4689
7803
341
308
902
6783
1553
1079
884
6883
258
6765
2269
7794
218
1488
5229
6816
4583
85
4536
7486
2733
6089
221
4042
2520
7749
282
6466
5963
7221
6449
2024
358
3955
2980
6478
799
7276
3503
4923
2507
4620
847
1368
6264
7715
2092
4425
4914
4236
3630
5194
5839
1800
4208
5802
1918
3504
858
7726
3386
3447
5561
1290
2073
2627
6654
427
1896
999
5477
5338
4574
5332
3072
1985
3121
4260
2461
939
4129
1049
827
5890
2625
3798
7512
1454
6252
4944
1828
1885
4200
4098
5258
3175
2842
3450
1204
2925
5388
6490
3222
5891
788
6787
1407
1993
3887
5772
6091
787
3506
1615
112
1115
6344
2932
3623
98
1718
615
3148
6689
1952
4508
485
1003
6077
94
878
7695
4512
2908
5070
6256
2229
4526
7580
6050
4547
4034
3913
4120
7016
3132
1394
5067
130
6622
6495
752
2928
916
4485
4561
719
3993
3737
5795
5668
7879
3748
4276
619
1362
2451
2550
7671
5204
2075
564
7101
4629
7692
1749
5896
954
5088
5412
6273
2026
6544
7041
6325
1524
4384
1701
2954
6929
6878
6278
7625
3799
7572
6576
6165
5220
545
1283
3573
4281
7985
4004
3837
1239
6488
5016
3124
2216
7216
7260
1674
2253
5437
968
1506
4876
5163
2821
4196
656
7435
7560
5233
2837
3266
546
1822
4024
6172
6702
5131
1333
5980
5752
3354
5181
1114
2493
2129
7109
6632
6745
5033
5177
371
7095
1912
6000
5315
7664
2279
5751
2264
7872
6859
184
3473
6844
1365
3267
5081
4758
4356
5145
5540
4184
5650
1221
305
3759
644
6753
1134
6690
5632
1032
349
2875
7539
4722
4434
6398
4285
7417
6030
5598
1602
5758
5967
3989
4567
6760
4181
3981
1728
3610
6971
7416
7521
6575
7283
7587
4774
1439
1223
996
7822
6922
4531
5296
3198
3514
2362
48
3577
6418
7777
4726
6243
1855
5929
2727
2191
7795
412
3694
1570
512
6024
1054
7366
2657
4898
4376
1695
1120
3029
5
7220
5828
3183
1812
4863
2413
5883
2900
1228
5347
601
1871
3218
2907
4112
4272
544
3621
1328
3670
6163
6358
2268
7077
5135
2851
6813
7758
6397
7594
5584
6683
5227
7685
5484
5817
5458
1661
471
1590
1210
7883
4544
4500
5250
1507
7048
6070
137
2138
7310
263
182
5661
5646
136
6116
6100
1496
6247
2278
2621
7130
7581
2350
2754
2486
1096
4772
7802
1786
3665
5867
4075
1028
5049
6076
5314
4211
6798
4940
4970
2715
6274
1629
7193
498
2936
2974
2566
862
7113
5468
950
4124
3549
794
14
4598
539
5815
6568
6773
4036
5652
3923
326
898
6071
5427
1892
2310
4152
6707
5832
2691
6797
1826
7223
4263
4225
6282
1163
2670
2110
3275
6140
6862
473
4612
7702
5769
648
1449
3838
7063
5265
7611
3274
896
7261
313
2571
2728
3261
740
4019
6306
1446
2077
1808
3714
5962
7948
7588
636
5426
7769
7656
915
6885
252
5807
2583
2366
4767
2151
2988
3292
2457
4172
1520
3752
7632
6860
820
6634
6914
3411
1091
4799
5224
6443
7570
1425
1182
3718
749
2660
6335
7699
848
4335
4477
7533
7424
6271
4183
2659
4687
7770
6138
1662
2514
438
6795
2378
4874
2515
1617
3575
6811
7330
4157
3270
5607
5528
6308
7739
6460
4345
843
4996
2946
4515
5496
2587
2126
7896
5471
7212
1874
7852
1500
5732
3061
1024
7921
2903
613
2015
5354
6552
6805
159
2116
1612
7403
6442
1755
743
6523
5922
6604
3051
547
2487
4213
6342
393
2055
2128
399
4946
5845
810
3297
4193
7784
1616
6141
979
5537
446
4364
5798
6868
1088
7405
3191
1535
3957
7874
580
7231
7199
5235
765
290
4610
3663
262
7540
2402
5189
3229
5226
4095
1139
6640
1777
3917
3766
7197
997
3364
3188
2326
379
439
5424
7381
1561
5893
3467
4241
4802
1831
877
735
1320
7201
6003
5586
6923
5745
7136
3277
80
1514
574
4585
1253
6716
1177
7575
6934
1917
2927
2031
5362
779
2005
6499
5659
5926
1526
3027
5307
3544
1893
1957
7482
5705
5777
5701
7946
6209
1261
7169
1397
3829
3099
3550
1017
5376
6744
3810
2916
1296
872
81
7500
6117
7475
2880
5635
5341
4378
5901
3891
1683
2709
213
3114
750
5043
6415
6710
5861
7523
4321
7491
6021
3865
2069
7384
5034
4224
5335
4584
6879
2901
2009
1577
1806
4891
6074
6833
3795
6291
5214
5385
2028
5792
4992
4232
6567
1292
1483
3323
3595
3295
2328
3217
4776
849
1669
2877
5615
2
5196
4294
2759
6047
3515
4625
2969
1105
5899
5263
147
115
5317
2542
5698
876
7207
7604
5526
6295
4139
4443
288
5420
7683
7448
6378
5580
6142
2518
4769
4553
5247
7787
5161
1413
1427
1751
1423
1305
5516
5915
7257
4746
710
688
5522
7720
4058
1441
5219
6445
3494
7906
1843
6327
2884
6065
4771
1297
3171
2789
7902
6080
4964
6945
2099
93
7069
6127
4887
4215
4350
6196
49
6741
7717
5600
3406
157
1738
5589
482
777
396
355
2238
309
7120
3403
6758
7172
7457
5050
1266
3200
1756
6422
2226
483
7809
948
3013
467
1289
5574
2337
2442
5764
7597
1236
3897
4209
4048
6112
3796
5590
5055
7332
5381
6313
3100
4142
5292
4642
7400
534
490
1291
3509
459
2545
1875
6258
549
1837
4878
3162
1307
1606
3458
2547
229
742
6966
4428
578
3180
347
6670
1676
4703
170
5111
966
4895
811
6094
4351
3224
6821
6218
7825
7404
3626
1016
1538
7056
2639
5439
2346
3940
2286
2741
450
1530
3816
5466
5253
2245
7516
4080
6508
3305
5345
2510
1150
2115
3959
1313
2198
3154
3008
5442
603
661
2982
5993
5903
3384
7480
6865
300
5184
1636
2274
3214
6729
1750
1924
5014
4386
7929
4361
1841
7887
5616
6676
1890
4770
1110
7054
4779
3165
2109
1675
1474
2123
7087
634
1903
3523
4068
3048
4604
5774
1211
2887
5880
47
4666
7773
6626
7481
6682
6953
3908
4614
6954
6557
2738
7301
6700
5647
4336
1325
6658
6380
487
335
7555
5637
375
2081
352
1376
3410
142
4912
6612
2638
2896
7919
6185
4721
7291
3730
5925
6964
1206
4262
2259
3083
6872
3688
4022
3828
6944
524
3671
3771
3868
6160
2148
1971
7003
2275
463
6002
4700
7772
5239
1923
376
7045
3367
3643
1466
5301
4389
6059
2248
6037
5098
4973
705
6297
1794
5529
4496
4341
3160
7020
4401
3932
390
700
3641
3709
1862
686
6893
3482
3290
2263
5313
6485
3241
3303
7595
5488
6723
6867
4888
4318
7669
7494
5465
5557
1268
120
1020
4590
4984
4615
4588
7183
4633
1063
4127
6118
4960
7353
1310
6828
819
831
7569
3976
1703
3360
7557
7622
3106
328
5998
310
105
7644
6362
650
1803
3963
6366
6385
5862
7305
3581
3366
5318
7571
3793
6174
1361
6624
7296
7398
7379
5441
955
6384
5710
4315
2810
5719
1400
5768
5490
2298
7346
7986
7536
5240
6918
4096
5950
835
7044
6903
4057
4879
4848
698
4410
5398
3116
4507
5563
754
187
2531
5271
713
2053
7078
5761
972
4530
5375
1559
6376
747
4244
2389
7762
5425
2043
7358
1744
1684
7624
2296
5579
260
761
6573
7091
666
5046
5285
2683
2440
1430
6139
7430
5789
6525
6792
6991
4303
3025
6791
2061
7272
3841
1724
7696
3257
4535
5407
6586
5973
5415
588
6320
1799
5568
3712
7467
6947
5997
3418
6079
7565
1193
1690
2393
6200
4296
6277
3315
2824
1795
1973
5382
2629
6455
1967
6647
3843
7198
7061
1472
6349
2403
6069
5291
6432
2258
7313
4645
7786
3379
1166
2689
5592
5133
385
7080
1404
1712
649
5920
2581
2321
2417
415
3992
7266
227
6899
3062
5455
4422
6404
3936
3627
5696
6863
330
4006
24
7322
475
6353
1451
413
6203
4596
2104
6414
5898
7951
6120
7323
5445
339
4194
2935
4105
1273
3974
2513
2421
200
7800
114
1593
4050
6935
4439
5467
1026
3068
3319
7635
1208
5112
1420
2017
2205
2516
7065
3182
3419
3071
4027
3436
3375
6285
4577
1954
5740
6551
5555
4228
5868
4081
2210
4972
3020
4455
2669
5781
7993
2679
6870
6956
5994
3155
4915
6289
5082
4968
6910
2793
3273
3174
7211
1704
2284
6869
7996
3228
4919
5960
2906
3243
5093
7897
2744
7050
21
3465
4012
6147
6514
1858
3914
7233
7640
5990
5440
1625
6361
5185
557
5182
7631
6307
5116
4458
1549
1183
1346
2292
4230
180
1980
3721
5267
4464
7458
4790
7634
4021
3747
838
5889
5146
3836
7473
1381
778
790
4883
6446
5814
4494
351
1162
5432
6150
140
6814
2664
3546
6486
7084
4426
6688
4307
3770
1005
5762
6652
5869
6671
732
1670
4099
1723
304
7648
1999
851
4864
2124
502
7681
7608
1721
1000
4471
2484
1763
7778
2199
1078
3697
1614
6304
5480
7819
6283
3041
5959
5971
676
1299
852
5985
2200
665
3334
6980
5153
7808
1255
6212
5256
4369
563
1480
6699
4435
980
7385
1727
3454
1479
334
2762
4756
7388
2667
7055
6359
4893
2401
5731
773
407
5400
1671
5243
2805
425
2701
1654
2071
3139
5599
6750
2921
5805
5771
5744
2343
2799
5309
3350
4815
7488
2112
5053
6363
595
7244
4107
7713
6509
1860
4140
2182
3881
6532
2945
466
5954
5790
5708
4781
2697
620
4320
7336
3738
6900
4504
7064
2030
7554
4617
6756
4684
5246
885
3579
36
568
1983
5951
4000
5129
1543
5020
2544
7111
7277
3708
2883
1830
2619
707
1881
6315
279
2021
4491
5209
3939
4035
709
3337
3069
5056
6248
3966
3014
781
5978
4049
7686
3301
3977
7766
6972
2618
6897
4838
4030
7805
5551
606
821
1961
7753
3115
1653
1286
4807
1087
2034
1584
1050
797
5128
6310
3143
3195
4248
2297
327
664
2703
5742
1341
6597
4270
2712
5476
4817
2040
3497
7968
4728
457
3645
7042
2704
4123
6296
6848
6571
935
7341
1627
1935
5344
7246
2658
4387
222
1532
5733
3587
4015
834
4550
824
191
7209
3185
3604
6267
6318
2095
3163
6850
6697
4102
2121
1262
9
5231
122
1505
5350
6524
7352
7097
1189
4191
2213
611
340
7949
694
1378
7174
6545
864
5835
931
224
7309
3205
7181
1401
7428
1457
2972
6016
1402
273
3344
7567
7470
5858
575
2800
3969
6219
855
1804
911
725
3037
5826
760
3572
3690
4295
1534
2761
6438
1725
623
4624
3413
4556
7479
108
7971
143
1879
7123
5217
2476
4649
1476
1329
2175
861
6590
1771
764
7134
3624
5730
7718
1899
3787
7961
4299
1119
5972
6211
110
11
3616
5884
1023
4654
1948
3173
4059
3713
7925
6121
5497
380
3104
3862
7599
6450
2106
6039
3831
2068
3510
7596
4448
3392
2351
4342
818
7765
995
6585
3530
6616
5651
2716
2519
961
1632
5423
6501
7960
1552
2435
4150
5187
1432
2277
1154
4009
1685
253
5700
348
6462
1475
4641
6402
1930
2798
2990
5969
7689
5368
4516
2588
2427
2471
6284
4064
3147
3875
5786
2379
2626
2777
7577
1263
5820
2136
4100
2084
6781
2232
40
5784
1895
165
7616
2556
3984
7842
2747
7316
3794
7
2400
5073
4934
7693
7093
2724
4245
7043
886
6322
163
3777
3192
6239
6111
4332
5066
3272
2967
5577
5105
3840
35
4782
1631
6279
3725
2282
5134
3480
7251
6738
1437
5797
1542
1648
3023
900
4833
1604
5180
4890
3485
3941
404
4828
362
7628
2243
3780
5665
5874
1443
5541
2177
7157
7035
1832
4520
7191
2871
6709
6178
561
722
5612
3330
7743
1383
257
2396
6801
1066
7592
7455
5349
7661
6983
7440
5361
1981
4644
7088
6939
6873
1168
4886
7890
7898
4381
517
3439
2406
508
2713
2236
4119
2203
5108
7006
3486
6608
6294
1302
5851
1022
6013
5264
1141
1351
6916
4222
4475
2443
2521
6447
6648
2163
2781
7723
5725
7811
899
7146
1572
7288
6186
7427
125
7775
2388
4306
4302
6019
2373
6660
2833
231
1731
7314
4650
6534
3211
1218
5677
4138
668
6692
6577
987
633
4830
5604
1103
2553
3127
7861
1942
3669
1471
5565
3842
5910
6906
1342
307
414
448
1418
2436
4538
4708
4760
3487
7503
6619
529
874
4858
4773
1994
6223
7262
610
4189
2144
209
5487
532
1746
3040
2189
4662
4947
5048
556
7300
3761
5519
7955
3753
63
5906
3207
7564
4900
922
6393
1412
6465
3479
5272
5454
2380
1137
7697
1001
5031
7728
2714
2029
6757
4257
2643
3446
4997
7327
2574
4159
1385
398
7863
3892
4168
4752
926
7895
4072
499
5773
5567
5356
4941
5008
7900
5428
96
1322
3893
361
5461
7965
235
4603
6530
1720
5618
7543
3762
3599
2087
918
7194
5498
5391
2441
7652
1846
2329
3067
373
1834
5712
585
135
2700
6605
7437
2314
1099
6109
2812
4953
3252
729
4716
7243
1635
1243
1797
3169
2994
4289
5404
3481
6987
7615
3648
3358
3496
4337
7556
4692
4778
4292
1422
2479
1125
1696
5664
6708
6043
2325
7208
265
3560
52
6360
5853
3478
2399
7675
6329
364
3400
3676
5122
5836
3407
5553
5578
1849
1151
2367
2792
1560
1287
4363
6864
7340
3592
7667
989
3933
4382
6558
1748
1014
7663
1108
958
756
4167
356
72
6410
3256
4156
5021
5780
3063
7436
3328
1185
3882
488
6720
1481
7519
4383
584
6232
1528
1503
782
3763
5451
731
4623
2137
7877
3281
1259
4599
2140
1784
1594
7886
480
2817
7255
4741
7273
1345
6565
988
6435
2720
2221
5938
4288
3884
6064
6205
5819
6379
7568
854
3016
1086
2973
3184
3743
7205
5914
7510
3869
220
4214
4907
186
6583
5928
2007
6802
1775
6549
1047
608
7528
4242
6725
4555
2319
7764
4757
2363
1907
5061
4371
2530
6014
7559
5071
4108
3499
1274
6240
5530
1759
377
6742
976
3967
1633
7401
5941
1659
162
992
5299
289
6066
5379
2019
3019
7962
4344
7964
3608
3372
3232
4043
2578
4020
1597
1492
7830
5619
914
5372
1679
3769
3662
2575
5054
1722
3201
6831
2839
1529
1898
1360
5791
4487
90
1235
2384
1802
6098
331
5560
3698
5030
2804
5667
5833
537
1318
1408
3911
51
2853
6566
4542
4180
5611
7997
1499
7329
6563
3741
368
4312
2404
3980
6843
3850
1618
7210
2374
908
5911
2685
181
1825
215
6610
42
6555
7816
3866
461
967
2500
6221
7525
400
449
7818
197
4202
3001
465
1375
6746
618
2218
3102
5887
4148
5080
2541
5405
3824
4738
4032
7279
682
7252
3369
6430
1640
5125
1132
5735
5842
7116
2014
7492
5294
216
2178
2570
7237
2369
6417
4543
3517
701
4110
1945
4480
2415
6926
2361
528
6060
5389
2687
7578
3848
116
6365
3321
5935
5102
1668
5290
179
4734
5305
5513
2324
1887
4115
907
7610
1093
1835
4927
2266
6755
6752
5321
2803
7913
7909
2122
5510
2609
6984
2816
6846
4418
270
4063
429
3149
3066
1148
796
5262
4594
2913
7219
4839
6413
2392
6179
1779
4483
346
7229
4904
7837
5322
113
1878
5720
569
7014
1821
4175
3806
2705
6257
4161
4949
5279
6988
1913
5767
2612
2244
2062
6452
31
1864
2653
4630
6857
2271
3285
395
4509
4499
6259
2027
3028
1673
6715
6326
2838
5475
2251
7268
5816
3103
640
5634
4235
1350
6288
6784
1030
2734
3547
3660
3999
5627
7912
271
816
7175
5346
251
6675
150
904
3726
825
4283
6562
5040
7141
240
6607
2097
1970
1007
4727
2600
4832
6975
6793
6817
3802
7333
7548
3002
2771
7294
6461
6858
7150
1752
1974
3614
7410
3861
3654
6851
1555
706
1043
4415
942
1839
2635
5275
4220
4237
5793
7148
511
5517
59
1768
469
6739
5126
943
7865
7506
1809
6919
4952
454
6763
4871
5201
1280
7422
6197
6225
6591
172
1944
3212
4857
325
5210
89
4908
442
22
4618
1919
4942
5796
3371
1186
7466
4459
2164
6187
3348
7700
3488
3389
353
4529
2975
3050
5044
3874
41
3004
4278
4375
1927
4853
4247
5944
1069
6538
2098
3801
6584
2188
3754
4173
5979
37
5355
460
5848
2359
2439
7527
4868
3968
7412
1041
7989
3962
6601
6970
5162
1972
2584
4305
2591
2559
6894
7324
62
4825
4450
5462
6055
3858
4495
2652
3262
4725
7298
6173
5502
6685
7941
7098
3822
6162
565
5810
6396
2807
2977
4576
7232
803
3593
5384
5838
7508
2783
5310
7259
3010
3926
2834
338
2176
272
2576
3852
350
7446
6786
2764
4234
3399
2249
91
4809
2960
437
4894
3972
4819
7155
2855
1682
5506
5713
7645
3543
7821
2408
284
5995
2255
4655
6580
3351
6589
5330
1780
856
1062
573
3867
1747
3731
1733
6429
1991
4505
741
6704
154
6010
2649
6706
6484
3456
5614
4651
2721
1398
7916
5099
7349
2995
5602
7532
2354
6356
5876
3429
249
2596
1568
6646
4954
4780
3397
1544
6201
2717
6927
149
1008
5711
4326
7350
491
1838
5340
6537
1883
2056
2779
1473
7127
3246
4221
3658
590
2237
1624
5523
3144
6834
7129
6768
2334
711
6424
7086
329
7933
374
6075
7849
7741
5268
6041
264
4298
6073
2252
7931
1911
3435
3557
5390
940
7963
4286
6170
1905
7703
7710
4293
2656
3357
1191
515
3396
4258
4203
901
5029
6505
2865
5302
5857
2848
5478
1824
527
3346
3416
6206
6301
2371
3484
7070
2956
1562
6994
840
2066
4843
2846
3839
4490
75
4804
4061
7461
4186
3983
758
2390
4412
4856
3518
1153
6827
6210
7312
2467
5821
734
7010
4065
3552
6085
2878
6042
1582
1238
4212
1900
1455
4648
7838
6507
1107
7767
2234
704
1708
4151
1861
525
4171
2567
5680
7433
6669
3363
6948
156
2130
4660
4274
1886
4532
2391
2041
3823
5293
111
6126
3929
2671
5766
2914
5518
7545
6824
2758
2483
2524
1042
5139
2180
1387
1281
4847
3110
4238
2333
1272
1338
1384
6955
3489
920
3644
4720
5830
1910
4611
6469
5900
4268
3705
2637
798
643
489
721
244
7538
6852
5964
4187
4575
586
7923
1055
230
2466
3463
7335
3904
199
4392
316
3221
809
850
7241
728
6052
3313
5743
5976
4051
5630
5734
7735
969
4826
767
4396
612
4679
7344
5722
86
2353
3491
5953
7928
3502
1314
397
3683
4297
4835
6421
3814
1225
965
7190
3925
7360
2169
1213
4277
6705
946
3699
6238
4634
1495
3786
419
1029
366
3131
4932
6191
1399
4045
1770
4291
3565
6642
7785
5110
464
5446
4737
906
2735
4046
4440
3528
4971
3227
3631
5416
5666
5718
4097
6287
1426
3453
5682
2785
3362
7152
3310
6167
2208
3820
444
7757
2482
4979
3126
4978
6588
6678
7793
5881
5393
1104
925
17
802
2603
7730
2773
3208
7940
6937
3950
5655
1938
3779
3130
6056
2058
3034
2057
1702
6629
3918
2339
4985
7496
1080
3342
6819
267
7104
2135
657
4502
3880
4719
815
4474
4414
6681
5633
6400
7392
5306
3196
7746
5707
2647
4348
4981
1039
2370
7188
6331
4404
2517
283
7099
5047
6328
7643
7972
3876
7397
1309
5248
1956
6522
594
7022
2260
4037
6475
5636
4717
1637
983
1672
2595
4521
1692
7706
6794
5558
6
33
2347
183
745
3729
4198
7082
3750
6031
523
6535
5124
7876
4033
6216
3853
6092
6231
2437
4160
5958
6028
7126
7179
1817
2632
3291
5155
7945
1348
4125
1200
3886
4988
1977
6696
3024
1997
5689
2774
6998
5669
3629
2150
2327
5371
2613
2863
46
3312
4789
447
5672
3123
4217
5158
1130
2422
7317
5386
2665
3724
2223
7459
7321
3015
1046
714
4178
4707
6132
4899
5639
6840
746
4920
1157
6312
5141
4470
3526
6029
5854
6045
6321
1789
5438
6061
3226
2978
5949
4690
6772
5788
4785
3576
1127
2919
7218
3234
6005
107
5074
4903
6993
6638
3293
3508
3815
2788
2655
1536
1813
3507
2080
5536
7471
1891
6599
1067
4437
6347
5026
6407
6587
1757
5109
323
6467
4454
2760
1326
4264
2190
2589
1564
3613
550
3558
6855
2828
1038
74
2419
5943
2755
1847
4133
975
6680
5623
6146
5656
1176
4796
6734
3668
6625
4909
6497
2250
4253
3744
7033
5057
6639
411
4322
5450
521
6226
913
3189
1160
1578
5756
60
6394
783
3811
5800
1833
4916
5002
6853
321
1197
6981
3804
5136
7607
3524
4837
3521
1244
2152
3541
1012
7059
3086
3877
6101
5216
1537
3711
3973
7834
2999
4185
1840
219
1767
5411
4747
2998
833
245
7122
6082
7967
277
5621
129
2447
3058
6403
138
6336
2202
2926
6719
4352
7315
6617
3951
3088
3653
5975
2532
2049
3988
6389
3326
6516
2420
7442
18
7357
2320
4906
6493
6564
3956
1988
7524
717
3885
513
6808
1781
4597
4957
7463
7000
927
6982
7096
3568
4999
6751
7230
3903
883
774
909
5086
1264
6666
4424
5374
2044
7958
1175
579
6416
7705
3128
6684
6299
1638
6269
7843
6874
7907
7534
5373
3719
7269
6381
7421
5776
6022
7544
6832
2425
4466
278
5803
3790
7820
3443
2054
2496
6777
5932
3398
6498
6215
6826
1579
4929
7934
4204
4545
7889
3186
1709
628
5585
501
7828
814
566
3253
7719
7924
6357
1922
3519
2607
646
2037
4469
7170
2102
7295
6822
6105
1330
39
432
4261
536
897
7827
5572
6018
3368
2522
2418
458
2818
7151
6876
2273
2753
3383
1581
6373
4402
3733
1386
6665
7507
6033
3520
6088
6614
3304
3381
4811
1998
32
4388
1323
3495
1889
6960
2305
2902
2934
1040
3179
1396
7904
829
5028
5631
6339
3975
1681
7256
7602
2289
6472
7935
5479
3401
4616
5237
5885
5011
6412
582
1626
5642
1853
2512
5687
7490
3533
7522
3788
4265
4911
4169
928
846
1083
1075
5531
6383
7165
1596
6602
6119
737
1431
3289
7917
7242
3638
5091
2003
562
960
4709
7140
5778
3452
7677
58
5968
1829
6992
3231
949
2719
6220
5840
6411
2680
3686
7195
7956
6506
7265
6154
6038
5459
690
7326
4137
836
7754
6130
5064
5414
3438
4881
5582
7901
1251
3077
839
7612
6387
784
7415
3996
1279
7026
2938
4963
2386
3026
7258
7110
7138
3554
2287
3345
1737
4975
3122
1691
2634
7817
1598
3635
7228
7355
2411
5333
7156
2462
7970
5063
7831
1619
1097
7888
526
4074
5947
4808
477
4564
3760
7859
6228
5286
5714
6048
7760
5297
3112
4158
853
7334
6177
4497
1872
3049
2153
7133
1207
1686
3537
7184
5970
7711
1146
3474
4008
7518
2829
5364
4233
4549
2572
4360
3284
5763
4844
7226
3259
3339
762
1866
791
1645
1628
389
4735
3219
5494
2184
7905
6034
5676
1743
472
1946
5192
3942
7137
1337
4701
6235
5617
3150
363
345
2909
441
2490
4820
6222
4481
4518
1854
4028
4346
7930
6107
4366
1071
3336
2147
131
7514
2867
5353
5025
3007
3945
6266
2008
3538
6081
3209
6896
3254
7733
1409
6481
6483
530
4353
76
2254
2582
2307
7627
175
6023
4548
3278
4568
2143
6479
7406
7845
2059
2872
7439
5593
4925
5443
4602
2736
4937
2563
3490
7926
6951
6663
1595
6730
4866
7511
2939
6367
7678
5608
6733
4338
7780
285
5089
1605
6334
5254
2568
2765
1339
6217
4704
1113
6135
844
1894
2688
1265
3091
1095
4488
5595
7186
3133
1807
828
2107
859
1355
5269
1848
7071
1245
2929
6732
4484
4976
4622
3431
225
5930
3664
7813
680
5638
5626
1978
1688
3696
5799
3826
6627
1816
167
3251
7659
6143
27
7438
336
1230
1317
4144
6093
6494
6838
1356
3545
736
679
3053
5829
7562
786
3556
4145
4672
6227
3448
3639
2193
3666
5113
7011
2291
7176
685
2616
1319
873
4678
381
6698
3035
2949
3551
1876
369
2082
3306
6603
3393
7976
1126
5813
5596
7676
7537
5100
7609
234
6961
3451
5673
3672
723
7605
1489
4855
4073
1271
4461
2836
7386
5366
1958
2676
2987
7750
642
5866
708
3872
2272
3855
2481
4231
6546
5852
2220
1092
6458
7501
3047
6985
29
1044
7721
4047
238
5023
1269
7248
3778
7574
5295
1380
4673
3542
7004
2694
986
1031
382
3589
3000
5588
3947
3177
5787
5022
7860
4657
7621
1184
1589
2564
7783
1574
4798
2473
5515
492
2696
4062
7021
7465
3953
4130
973
4586
4540
2170
5783
3792
7235
479
13
5729
4134
865
228
1203
5641
2505
2166
3646
204
5570
6441
7850
2942
4681
5274
6108
119
503
984
7378
1436
118
4088
6153
3912
6275
7742
2873
1410
5547
2491
7856
4724
6735
5062
7253
3240
2897
6175
2085
7646
2246
7374
822
3022
3335
7660
1178
744
2405
6657
6444
5986
4562
3059
166
2859
7649
724
2827
5266
2165
296
7245
1758
535
3716
3216
1508
6242
6536
486
4601
2533
5809
7601
5072
3300
2854
7740
3532
5785
2801
1002
2450
6820
2285
61
6636
1588
1453
1025
2979
315
139
1247
4349
6847
637
6769
1678
3851
667
4256
3791
4761
68
1064
434
6540
7487
3739
3370
3142
5167
7108
5165
3223
880
7278
3919
360
1074
1027
3657
2133
7247
1790
6520
2923
5855
4965
3298
2303
1494
177
3206
1100
3457
4462
7303
7835
6823
2111
3687
7441
4810
1118
1869
4595
3170
3470
4040
4197
1819
2599
5238
4527
4581
1525
3910
7990
7447
1937
3594
964
7372
3900
2348
5697
4146
1364
2365
7654
3834
2468
123
2981
2534
2993
7549
2648
4155
7851
6737
7943
1359
7102
1254
134
3667
6346
4685
598
805
4446
1741
1172
5387
3421
4038
6560
3535
2841
583
7359
2001
3689
6830
6891
4851
748
1943
6609
5157
2330
4165
7566
4359
4998
6377
4688
5724
7124
4924
7938
1357
1445
4539
7662
5849
5121
88
383
5077
813
3095
4219
5550
2240
2678
3982
2412
1246
2749
3394
2769
6477
2931
212
4686
5662
2590
3569
7345
4676
860
5380
4677
2038
2586
2480
3847
1677
5323
7908
2918
311
2196
5628
7456
3135
1316
5472
2866
5670
7722
5179
2050
205
1284
2551
956
34
6434
4571
2489
5984
1622
2035
4438
6058
3449
332
416
993
1358
4860
2879
4210
495
957
7204
4665
1344
7076
6354
6743
600
6470
7679
1729
1968
2428
3146
2684
2508
5331
6145
7670
3854
5223
1600
6338
2822
1667
3827
5878
1391
6281
5051
4546
4472
1914
616
3695
4333
7234
1501
4121
1011
6511
1580
5492
3756
7469
7236
7474
6188
4822
6317
1059
3906
7736
4329
1966
3767
4628
6722
3075
1953
7339
652
4661
4304
5717
3776
7090
3425
3870
2159
5831
6942
7759
3194
7154
3347
5825
6996
1315
4067
4551
3469
6148
2119
4018
43
1484
3230
5946
7040
4334
2194
6044
6332
4784
5168
1462
2018
3236
1336
7591
2746
3844
1603
2622
226
6158
2036
4460
2948
5908
2710
2364
2344
4557
3441
1867
6673
6437
7347
3373
6436
7289
7606
1934
7714
2996
493
3603
6489
261
5613
306
3765
4882
1142
2739
5674
242
56
5171
302
660
1761
3723
5581
7092
2261
2383
5483
6233
1416
3985
7107
2850
3156
6526
1545
6249
5549
5759
2845
3113
6159
7999
4913
1666
7984
3583
571
7673
7983
3674
6067
4182
4453
2892
7788
5685
4705
6198
7476
6641
365
4372
4147
1607
4385
6882
2811
6290
576
4524
3825
3087
5277
2881
5004
1470
7483
3889
2543
626
3107
4357
7128
255
5535
6569
2770
3678
7351
6875
4325
4813
998
7224
1414
3702
2860
5888
2219
3138
6615
4732
6889
4452
7978
1295
3555
1585
6151
6770
2952
4702
7542
295
1433
4432
2661
6943
882
6049
7853
4486
6405
2767
1308
3472
6114
5027
2957
1814
3082
2475
3924
4199
5841
280
6979
2308
7263
2372
7377
4659
7998
297
7407
5140
5241
291
5175
1868
7873
5981
1371
287
6195
4861
3215
3498
6230
759
4751
2654
1986
7981
7002
87
3607
7001
3255
559
7771
6027
